Date,Open,High,Low,Close,Volume,Dividends,Stock Splits
2016-06-30,21.83,21.95,21.78,21.91,202700,0.0,0
2016-07-01,21.96,21.96,21.83,21.83,145500,0.0,0
2016-07-05,21.87,21.89,21.84,21.87,105600,0.0,0
2016-07-06,21.87,21.96,21.84,21.92,241400,0.0,0
2016-07-07,21.96,22.0,21.85,21.92,165300,0.0,0
2016-07-08,21.96,21.96,21.87,21.9,80900,0.0,0
2016-07-11,21.89,21.91,21.84,21.91,161800,0.0,0
2016-07-12,21.84,21.91,21.72,21.87,180800,0.0,0
2016-07-13,21.91,21.93,21.8,21.89,151400,0.0,0
2016-07-14,21.96,21.96,21.85,21.95,97700,0.0,0
2016-07-15,22.0,22.0,21.83,21.96,73200,0.0,0
2016-07-18,22.0,22.08,21.83,22.06,137000,0.0,0
2016-07-19,22.06,22.12,22.03,22.07,145300,0.0,0
2016-07-20,22.09,22.14,22.04,22.08,137900,0.0,0
2016-07-21,22.05,22.31,22.05,22.21,159400,0.0,0
2016-07-22,22.3,22.31,22.19,22.25,113500,0.0,0
2016-07-25,22.3,22.3,22.22,22.25,83000,0.0,0
2016-07-26,22.22,22.22,22.07,22.12,103900,0.0,0
2016-07-27,22.04,22.22,22.04,22.17,80900,0.0,0
2016-07-28,22.22,22.31,22.13,22.31,85400,0.0,0
2016-07-29,22.31,22.47,22.18,22.4,69900,0.0,0
2016-08-01,22.37,22.7,22.33,22.47,128300,0.0,0
2016-08-02,22.47,22.65,22.38,22.4,95600,0.0,0
2016-08-03,22.48,22.56,22.25,22.4,114800,0.0,0
2016-08-04,22.24,22.4,22.2,22.33,57700,0.0,0
2016-08-05,22.34,22.46,22.32,22.45,28400,0.0,0
2016-08-08,22.36,22.47,22.36,22.47,60900,0.0,0
2016-08-09,22.47,22.53,22.37,22.4,68500,0.0,0
2016-08-10,22.41,22.42,22.37,22.4,45600,0.0,0
2016-08-11,22.36,22.4,22.14,22.19,90200,0.0,0
2016-08-12,22.26,22.4,22.23,22.4,31500,0.0,0
2016-08-15,22.53,22.68,22.41,22.56,109200,0.0,0
2016-08-16,22.53,22.61,22.43,22.61,78900,0.0,0
2016-08-17,22.65,22.87,22.53,22.75,85200,0.0,0
2016-08-18,22.75,22.75,22.43,22.68,26100,0.0,0
2016-08-19,22.74,22.82,22.48,22.73,33800,0.0,0
2016-08-22,22.73,22.73,22.52,22.67,34600,0.0,0
2016-08-23,22.73,22.94,22.6,22.88,51300,0.0,0
2016-08-24,22.97,23.16,22.65,22.72,41500,0.0,0
2016-08-25,22.83,22.94,22.7,22.88,54100,0.0,0
2016-08-26,22.93,22.93,22.76,22.78,20200,0.0,0
2016-08-29,22.83,22.83,22.74,22.78,19700,0.0,0
2016-08-30,22.85,22.92,22.76,22.89,22400,0.0,0
2016-08-31,22.89,22.96,22.8,22.95,32600,0.0,0
2016-09-01,22.96,23.18,22.79,22.96,48400,0.0,0
2016-09-02,22.82,23.13,22.76,23.13,27800,0.0,0
2016-09-06,23.0,23.0,22.75,22.75,45300,0.0,0
2016-09-07,22.82,22.83,22.75,22.81,50400,0.0,0
2016-09-08,22.96,22.96,22.75,22.78,32100,0.0,0
2016-09-09,22.96,22.96,22.31,22.33,50300,0.0,0
2016-09-12,22.66,22.66,22.31,22.54,29100,0.0,0
2016-09-13,22.41,22.45,22.02,22.22,29400,0.0,0
2016-09-14,22.24,22.3,22.0,22.25,22300,0.0,0
2016-09-15,22.25,22.66,22.18,22.42,53500,0.0,0
2016-09-16,22.66,22.91,22.09,22.63,76500,0.0,0
2016-09-19,22.75,23.11,22.51,22.88,36600,0.0,0
2016-09-20,22.96,22.96,22.4,22.61,44200,0.0,0
2016-09-21,22.67,22.7,22.34,22.4,36100,0.0,0
2016-09-22,22.53,22.6,22.33,22.45,34700,0.0,0
2016-09-23,22.53,22.59,22.4,22.53,29800,0.0,0
2016-09-26,22.57,22.57,22.34,22.47,26200,0.0,0
2016-09-27,22.56,22.65,22.4,22.56,20000,0.0,0
2016-09-28,22.61,22.61,22.41,22.6,18200,0.0,0
2016-09-29,22.54,22.57,22.32,22.41,18700,0.0,0
2016-09-30,22.48,22.75,22.33,22.55,43500,0.0,0
2016-10-03,22.58,22.58,22.36,22.37,14300,0.0,0
2016-10-04,22.45,22.45,22.35,22.35,18400,0.0,0
2016-10-05,22.46,22.46,22.35,22.4,23000,0.0,0
2016-10-06,22.46,22.46,22.15,22.28,49400,0.0,0
2016-10-07,22.4,22.4,22.18,22.19,21800,0.0,0
2016-10-10,22.23,22.31,22.13,22.26,8900,0.0,0
2016-10-11,22.31,22.32,21.98,21.98,39800,0.0,0
2016-10-12,21.96,22.4,21.9,22.23,82900,0.0,0
2016-10-13,22.39,22.4,21.93,22.03,47500,0.0,0
2016-10-14,22.05,22.25,22.02,22.02,22700,0.0,0
2016-10-17,22.09,22.19,21.91,21.98,26600,0.0,0
2016-10-18,22.0,22.13,21.96,22.09,35700,0.0,0
2016-10-19,22.14,22.18,22.05,22.05,33300,0.0,0
2016-10-20,22.06,22.15,22.06,22.09,12600,0.0,0
2016-10-21,22.09,22.39,22.08,22.2,20400,0.0,0
2016-10-24,22.34,22.34,22.13,22.19,17700,0.0,0
2016-10-25,22.33,22.34,22.05,22.05,25000,0.0,0
2016-10-26,22.26,22.3,22.05,22.1,16300,0.0,0
2016-10-27,22.13,22.3,22.0,22.02,25900,0.0,0
2016-10-28,22.08,22.18,22.01,22.09,14100,0.0,0
2016-10-31,22.12,22.13,22.0,22.0,23800,0.0,0
2016-11-01,22.04,22.11,22.0,22.05,16100,0.0,0
2016-11-02,21.96,22.11,21.44,21.84,44200,0.0,0
2016-11-03,21.87,22.09,21.68,22.0,38900,0.0,0
2016-11-04,22.0,22.0,21.7,21.99,24100,0.0,0
2016-11-07,21.99,22.09,21.9,21.97,33500,0.0,0
2016-11-08,21.96,21.98,21.89,21.89,10400,0.0,0
2016-11-09,21.6,21.91,21.53,21.57,28700,0.0,0
2016-11-10,21.7,21.7,19.29,19.61,228200,0.0,0
2016-11-11,19.67,21.32,19.34,19.68,97800,0.0,0
2016-11-14,19.68,19.99,18.86,19.35,50800,0.0,0
2016-11-15,19.39,19.99,19.39,19.66,74400,0.0,0
2016-11-16,19.69,20.5,19.68,20.48,101900,0.0,0
2016-11-17,20.53,20.72,20.05,20.44,37000,0.0,0
2016-11-18,20.19,20.69,20.19,20.3,26200,0.0,0
2016-11-21,20.3,20.79,20.07,20.42,32600,0.0,0
2016-11-22,20.23,20.49,20.03,20.2,27500,0.0,0
2016-11-23,20.17,20.67,20.09,20.49,29600,0.0,0
2016-11-25,20.55,20.55,20.08,20.19,7100,0.0,0
2016-11-28,20.25,20.86,19.27,19.51,107900,0.0,0
2016-11-29,19.55,19.89,19.25,19.36,66700,0.0,0
2016-11-30,19.25,19.47,18.86,18.9,75100,0.0,0
2016-12-01,18.91,19.41,18.59,19.14,70900,0.0,0
2016-12-02,19.2,19.42,19.0,19.12,39700,0.0,0
2016-12-05,19.28,19.33,18.91,19.32,33200,0.0,0
2016-12-06,19.47,19.52,19.25,19.42,38300,0.0,0
2016-12-07,19.55,19.76,19.5,19.64,20100,0.0,0
2016-12-08,19.76,19.76,18.91,19.2,112000,0.0,0
2016-12-09,19.27,19.55,19.22,19.38,39400,0.0,0
2016-12-12,19.84,19.84,19.08,19.2,52900,0.0,0
2016-12-13,19.42,19.42,18.86,18.9,59400,0.0,0
2016-12-14,18.9,19.28,18.81,18.91,57500,0.0,0
2016-12-15,18.84,19.25,18.77,18.94,38200,0.0,0
2016-12-16,19.24,19.24,19.0,19.19,57600,0.0,0
2016-12-19,19.16,19.38,19.03,19.19,54700,0.0,0
2016-12-20,19.22,19.6,18.94,19.6,66200,0.0,0
2016-12-21,19.68,19.85,19.59,19.66,36400,0.0,0
2016-12-22,19.79,19.79,19.47,19.53,44500,0.0,0
2016-12-23,19.47,19.6,19.47,19.6,11300,0.0,0
2016-12-27,19.53,19.67,19.47,19.6,41400,0.0,0
2016-12-28,19.6,19.68,19.47,19.48,18600,0.0,0
2016-12-29,19.47,19.71,19.47,19.63,36800,0.0,0
2016-12-30,19.73,19.73,19.18,19.49,56200,0.0,0
2017-01-03,19.5,20.1,19.5,19.77,35400,0.0,0
2017-01-04,19.89,20.21,19.82,20.12,29600,0.0,0
2017-01-05,20.12,20.29,20.03,20.09,22900,0.0,0
2017-01-06,20.29,20.29,20.12,20.26,8400,0.0,0
2017-01-09,20.29,20.29,19.86,20.17,26100,0.0,0
2017-01-10,20.28,20.41,20.19,20.41,22600,0.0,0
2017-01-11,20.43,20.65,20.09,20.61,39000,0.0,0
2017-01-12,20.62,20.68,20.48,20.61,25700,0.0,0
2017-01-13,20.71,20.87,20.38,20.68,37500,0.0,0
2017-01-17,20.65,20.82,20.65,20.67,16000,0.0,0
2017-01-18,20.65,20.77,20.65,20.7,15500,0.0,0
2017-01-19,20.72,20.77,20.55,20.64,22300,0.0,0
2017-01-20,20.56,20.74,20.47,20.65,8100,0.0,0
2017-01-23,20.72,20.91,20.54,20.79,16200,0.0,0
2017-01-24,20.87,20.91,20.52,20.77,15300,0.0,0
2017-01-25,20.61,20.82,20.55,20.57,10100,0.0,0
2017-01-26,20.7,20.71,20.49,20.55,14600,0.0,0
2017-01-27,20.51,20.67,20.2,20.31,21000,0.0,0
2017-01-30,20.31,20.72,20.31,20.53,25300,0.0,0
2017-01-31,20.6,20.69,20.48,20.68,19600,0.0,0
2017-02-01,20.73,20.74,20.57,20.67,10700,0.0,0
2017-02-02,20.69,20.81,20.69,20.79,16600,0.0,0
2017-02-03,20.8,20.86,20.69,20.86,18900,0.0,0
2017-02-06,20.72,20.99,20.72,20.98,24200,0.0,0
2017-02-07,20.82,21.36,20.71,20.71,23600,0.0,0
2017-02-08,20.87,21.16,20.87,20.9,10000,0.0,0
2017-02-09,21.08,21.08,20.9,20.91,7300,0.0,0
2017-02-10,20.96,20.97,20.73,20.85,12000,0.0,0
2017-02-13,20.95,21.17,20.93,21.08,37100,0.0,0
2017-02-14,21.02,21.17,20.74,21.05,42900,0.0,0
2017-02-15,21.0,21.07,20.83,20.86,21800,0.0,0
2017-02-16,20.87,21.17,20.87,21.03,27400,0.0,0
2017-02-17,21.15,21.17,20.86,20.98,16900,0.0,0
2017-02-21,21.03,21.43,21.03,21.35,25600,0.0,0
2017-02-22,21.64,21.64,21.13,21.28,30700,0.0,0
2017-02-23,21.46,21.48,21.18,21.28,22500,0.0,0
2017-02-24,21.39,21.39,21.18,21.22,21000,0.0,0
2017-02-27,21.2,21.56,20.87,21.2,15000,0.0,0
2017-02-28,21.28,21.3,21.01,21.18,21400,0.0,0
2017-03-01,21.18,21.43,21.14,21.23,29100,0.0,0
2017-03-02,21.32,21.56,21.14,21.14,12600,0.0,0
2017-03-03,21.14,21.52,21.07,21.28,10600,0.0,0
2017-03-06,21.36,21.39,21.02,21.09,16200,0.0,0
2017-03-07,21.1,21.17,21.0,21.1,23800,0.0,0
2017-03-08,21.01,21.17,20.87,20.91,18300,0.0,0
2017-03-09,21.04,21.04,20.83,20.99,17800,0.0,0
2017-03-10,20.76,21.14,20.76,20.78,23200,0.0,0
2017-03-13,20.79,20.92,20.46,20.58,16100,0.0,0
2017-03-14,20.55,20.79,20.48,20.5,8300,0.0,0
2017-03-15,20.48,21.0,20.48,20.77,10700,0.0,0
2017-03-16,21.0,21.08,20.71,20.8,13500,0.0,0
2017-03-17,20.8,20.88,20.66,20.82,13800,0.0,0
2017-03-20,20.86,21.0,20.82,20.86,11700,0.0,0
2017-03-21,20.82,21.03,20.76,20.87,20800,0.0,0
2017-03-22,20.82,21.16,20.82,21.16,8900,0.0,0
2017-03-23,21.17,21.21,20.96,21.01,10800,0.0,0
2017-03-24,21.01,21.21,20.94,20.94,14500,0.0,0
2017-03-27,21.0,21.38,20.88,21.15,14300,0.0,0
2017-03-28,21.17,21.44,20.93,21.17,24200,0.0,0
2017-03-29,21.27,21.39,21.0,21.34,15100,0.0,0
2017-03-30,21.43,21.43,21.02,21.1,21100,0.0,0
2017-03-31,21.23,21.3,21.15,21.3,10800,0.0,0
2017-04-03,21.4,21.61,21.32,21.55,18200,0.0,0
2017-04-04,21.33,21.61,21.33,21.43,17400,0.0,0
2017-04-05,21.6,21.6,21.0,21.0,22000,0.0,0
2017-04-06,21.22,21.52,21.21,21.52,25700,0.0,0
2017-04-07,21.63,21.65,21.35,21.55,26300,0.0,0
2017-04-10,21.56,21.65,21.52,21.54,18700,0.0,0
2017-04-11,21.65,21.85,21.36,21.83,48100,0.0,0
2017-04-12,21.87,22.05,21.65,21.7,37000,0.0,0
2017-04-13,21.7,21.81,21.26,21.51,8200,0.0,0
2017-04-17,21.56,21.81,21.31,21.46,20700,0.0,0
2017-04-18,21.56,21.75,21.45,21.66,13700,0.0,0
2017-04-19,21.76,21.78,21.56,21.7,20300,0.0,0
2017-04-20,21.58,21.77,21.57,21.6,11800,0.0,0
2017-04-21,21.57,21.77,21.35,21.36,10600,0.0,0
2017-04-24,21.45,21.75,21.35,21.63,25100,0.0,0
2017-04-25,21.72,21.72,21.36,21.38,18900,0.0,0
2017-04-26,21.48,21.52,21.35,21.36,8500,0.0,0
2017-04-27,21.38,21.65,21.38,21.44,10900,0.0,0
2017-04-28,21.4,21.68,21.4,21.52,13700,0.0,0
2017-05-01,21.52,21.52,21.35,21.47,10000,0.0,0
2017-05-02,21.52,21.7,21.52,21.69,8300,0.0,0
2017-05-03,21.75,21.79,21.71,21.79,13000,0.0,0
2017-05-04,21.78,21.78,21.65,21.65,9500,0.0,0
2017-05-05,21.77,21.78,21.61,21.74,26000,0.0,0
2017-05-08,21.74,21.78,21.63,21.76,18600,0.0,0
2017-05-09,21.85,21.86,21.34,21.86,8500,0.0,0
2017-05-10,21.81,21.83,21.44,21.82,12000,0.0,0
2017-05-11,21.83,21.83,21.59,21.61,21100,0.0,0
2017-05-12,21.61,21.61,21.56,21.58,17800,0.0,0
2017-05-15,21.66,21.78,21.58,21.72,17300,0.0,0
2017-05-16,21.74,21.78,21.56,21.56,20700,0.0,0
2017-05-17,21.56,21.74,21.55,21.65,10700,0.0,0
2017-05-18,21.7,21.77,21.53,21.56,15800,0.0,0
2017-05-19,21.65,21.73,21.56,21.6,11500,0.0,0
2017-05-22,21.75,21.79,21.59,21.77,19600,0.0,0
2017-05-23,21.81,21.88,21.73,21.87,16500,0.0,0
2017-05-24,21.88,22.06,21.65,21.93,9700,0.0,0
2017-05-25,21.84,22.12,21.68,21.87,20100,0.0,0
2017-05-26,21.96,22.18,21.66,22.04,14700,0.0,0
2017-05-30,22.18,22.18,21.71,21.8,10500,0.0,0
2017-05-31,21.84,21.95,21.75,21.84,10000,0.0,0
2017-06-01,21.91,21.91,21.74,21.79,11100,0.0,0
2017-06-02,21.83,22.18,21.83,21.83,29900,0.0,0
2017-06-05,22.22,22.22,21.91,21.93,19800,0.0,0
2017-06-06,22.0,22.03,21.88,21.89,26700,0.0,0
2017-06-07,21.94,21.96,21.84,21.92,8900,0.0,0
2017-06-08,21.95,22.05,21.95,22.05,18000,0.0,0
2017-06-09,22.06,22.22,22.03,22.03,14400,0.0,0
2017-06-12,22.12,22.29,22.0,22.07,15300,0.0,0
2017-06-13,22.05,22.1,21.8,21.83,15800,0.0,0
2017-06-14,22.02,22.03,21.84,21.85,14300,0.0,0
2017-06-15,21.96,21.96,21.84,21.87,8400,0.0,0
2017-06-16,21.98,22.0,21.86,21.87,14500,0.0,0
2017-06-19,21.96,22.11,21.87,22.0,32700,0.0,0
2017-06-20,22.09,22.09,21.85,21.96,12300,0.0,0
2017-06-21,22.02,22.09,21.96,21.96,9800,0.0,0
2017-06-22,22.07,22.07,21.93,21.93,22400,0.0,0
2017-06-23,22.03,22.09,21.96,22.0,15300,0.0,0
2017-06-26,22.09,22.37,22.0,22.31,17500,0.0,0
2017-06-27,22.4,22.4,22.12,22.13,19000,0.0,0
2017-06-28,22.09,22.26,21.97,22.26,18600,0.0,0
2017-06-29,22.14,22.26,22.13,22.18,11800,0.0,0
2017-06-30,22.31,22.31,22.05,22.26,13200,0.0,0
2017-07-03,22.2,22.2,22.03,22.18,4400,0.0,0
2017-07-05,22.22,22.39,22.13,22.34,10800,0.0,0
2017-07-06,22.29,22.43,22.19,22.43,11200,0.0,0
2017-07-07,22.19,22.43,22.19,22.41,17400,0.0,0
2017-07-10,22.4,22.49,22.22,22.31,16700,0.0,0
2017-07-11,22.29,22.49,22.14,22.33,17700,0.0,0
2017-07-12,22.33,22.33,22.18,22.22,7100,0.0,0
2017-07-13,22.29,22.31,22.14,22.28,17100,0.0,0
2017-07-14,22.32,22.32,22.14,22.31,8500,0.0,0
2017-07-17,22.32,22.32,22.16,22.23,12500,0.0,0
2017-07-18,22.26,22.31,22.18,22.31,19100,0.0,0
2017-07-19,22.32,22.32,22.21,22.31,24900,0.0,0
2017-07-20,22.31,22.31,22.22,22.28,14400,0.0,0
2017-07-21,22.3,22.44,22.28,22.39,19400,0.0,0
2017-07-24,22.27,22.69,22.24,22.61,20300,0.0,0
2017-07-25,22.65,22.65,22.46,22.65,15300,0.0,0
2017-07-26,22.65,22.65,22.5,22.51,19300,0.0,0
2017-07-27,22.62,22.66,22.5,22.57,8300,0.0,0
2017-07-28,22.65,22.69,22.54,22.69,4200,0.0,0
2017-07-31,22.69,22.95,22.55,22.61,27300,0.0,0
2017-08-01,22.66,22.82,22.35,22.45,12000,0.0,0
2017-08-02,22.45,22.58,22.38,22.41,12000,0.0,0
2017-08-03,22.44,22.55,22.36,22.55,11000,0.0,0
2017-08-04,22.55,22.55,22.33,22.49,4600,0.0,0
2017-08-07,22.49,22.58,22.33,22.57,12200,0.0,0
2017-08-08,22.54,22.54,22.33,22.46,12400,0.0,0
2017-08-09,22.46,22.46,22.21,22.24,21300,0.0,0
2017-08-10,22.25,22.25,22.09,22.16,16200,0.0,0
2017-08-11,22.19,22.23,22.09,22.17,8100,0.0,0
2017-08-14,22.33,22.33,22.13,22.13,23700,0.0,0
2017-08-15,22.21,22.22,22.13,22.2,12400,0.0,0
2017-08-16,22.31,22.51,22.14,22.51,10900,0.0,0
2017-08-17,22.54,22.54,22.19,22.19,6700,0.0,0
2017-08-18,22.19,22.52,22.16,22.43,11700,0.0,0
2017-08-21,22.43,22.57,22.22,22.4,16100,0.0,0
2017-08-22,22.59,22.59,22.25,22.38,19900,0.0,0
2017-08-23,22.44,22.47,22.29,22.45,10800,0.0,0
2017-08-24,22.42,22.48,22.27,22.4,14100,0.0,0
2017-08-25,22.43,22.55,22.35,22.43,6900,0.0,0
2017-08-28,22.45,22.58,22.42,22.58,5300,0.0,0
2017-08-29,22.43,22.59,22.43,22.59,13700,0.0,0
2017-08-30,22.75,22.75,22.57,22.75,7100,0.0,0
2017-08-31,22.55,22.7,22.53,22.66,10700,0.0,0
2017-09-01,22.39,22.63,22.39,22.62,6000,0.0,0
2017-09-05,22.45,22.66,22.45,22.63,3300,0.0,0
2017-09-06,22.51,22.75,22.51,22.66,8000,0.0,0
2017-09-07,22.68,22.68,22.44,22.44,5200,0.0,0
2017-09-08,22.61,22.61,22.35,22.45,5300,0.0,0
2017-09-11,22.61,22.61,22.53,22.54,6500,0.0,0
2017-09-12,22.57,22.57,22.44,22.44,13600,0.0,0
2017-09-13,22.48,22.52,22.34,22.5,38300,0.0,0
2017-09-14,22.67,22.67,22.42,22.47,16900,0.336,0
2017-09-15,22.48,22.69,22.48,22.53,16600,0.0,0
2017-09-18,22.62,22.62,22.49,22.49,16200,0.0,0
2017-09-19,22.55,22.61,22.38,22.38,19100,0.0,0
2017-09-20,22.49,22.49,22.38,22.43,13500,0.0,0
2017-09-21,22.49,22.53,22.41,22.52,13600,0.0,0
2017-09-22,22.44,22.52,22.44,22.52,10100,0.0,0
2017-09-25,22.44,22.53,22.44,22.52,14000,0.0,0
2017-09-26,22.57,22.59,22.53,22.57,13100,0.0,0
2017-09-27,22.57,22.64,22.44,22.44,17400,0.0,0
2017-09-28,22.46,22.56,22.44,22.44,24900,0.0,0
2017-09-29,22.52,22.58,22.44,22.47,21100,0.0,0
2017-10-02,22.58,22.66,22.54,22.62,12200,0.0,0
2017-10-03,22.65,22.65,22.37,22.39,55800,0.0,0
2017-10-04,22.47,22.49,22.37,22.39,14700,0.0,0
2017-10-05,22.43,22.43,22.32,22.34,28700,0.0,0
2017-10-06,22.35,22.4,22.2,22.2,16100,0.0,0
2017-10-09,22.31,22.37,22.12,22.16,31500,0.0,0
2017-10-10,22.3,22.34,22.16,22.21,30400,0.0,0
2017-10-11,22.28,22.29,22.21,22.28,4500,0.0,0
2017-10-12,22.35,22.48,22.23,22.48,28200,0.0,0
2017-10-13,22.5,22.59,22.41,22.48,22200,0.0,0
2017-10-16,22.57,22.57,22.46,22.46,9900,0.0,0
2017-10-17,22.43,22.56,22.43,22.55,18100,0.0,0
2017-10-18,22.48,22.48,22.39,22.39,26600,0.0,0
2017-10-19,22.45,22.47,22.42,22.47,17900,0.0,0
2017-10-20,22.43,22.57,22.41,22.56,9700,0.0,0
2017-10-23,22.6,22.6,22.53,22.6,11600,0.0,0
2017-10-24,22.6,22.68,22.56,22.64,7900,0.0,0
2017-10-25,22.64,22.68,22.5,22.56,10000,0.0,0
2017-10-26,22.63,22.63,22.43,22.44,7300,0.0,0
2017-10-27,22.53,22.62,22.53,22.59,2800,0.0,0
2017-10-30,22.62,22.62,22.34,22.44,19200,0.0,0
2017-10-31,22.49,22.61,22.44,22.61,30700,0.0,0
2017-11-01,22.64,22.64,22.44,22.52,6400,0.0,0
2017-11-02,22.57,22.63,22.45,22.45,7500,0.0,0
2017-11-03,22.59,22.65,22.49,22.61,8700,0.0,0
2017-11-06,22.64,22.65,22.39,22.44,10900,0.0,0
2017-11-07,22.52,22.52,22.4,22.47,15100,0.0,0
2017-11-08,22.49,22.57,22.41,22.57,4600,0.0,0
2017-11-09,22.47,22.55,22.36,22.47,13600,0.0,0
2017-11-10,22.43,22.57,22.34,22.48,10000,0.0,0
2017-11-13,22.53,22.59,22.51,22.59,11200,0.0,0
2017-11-14,22.59,22.65,22.51,22.65,19400,0.0,0
2017-11-15,22.65,22.68,22.53,22.68,17600,0.0,0
2017-11-16,22.57,22.78,22.57,22.73,9600,0.0,0
2017-11-17,22.78,22.83,22.73,22.73,12300,0.0,0
2017-11-20,22.91,23.03,22.72,22.96,11800,0.0,0
2017-11-21,22.96,23.02,22.87,22.96,16500,0.0,0
2017-11-22,22.88,22.99,22.88,22.98,6000,0.0,0
2017-11-24,23.0,23.03,22.9,22.92,10600,0.0,0
2017-11-27,23.03,23.03,22.71,22.73,19900,0.0,0
2017-11-28,22.8,22.96,22.71,22.89,10100,0.0,0
2017-11-29,22.87,22.92,22.71,22.73,17900,0.0,0
2017-11-30,22.69,22.87,22.6,22.77,23400,0.0,0
2017-12-01,22.85,22.87,22.68,22.69,8400,0.0,0
2017-12-04,22.88,22.91,22.69,22.87,5200,0.0,0
2017-12-05,22.91,22.91,22.7,22.85,5400,0.0,0
2017-12-06,22.91,22.91,22.83,22.91,13100,0.0,0
2017-12-07,22.91,22.92,22.87,22.92,6800,0.0,0
2017-12-08,22.92,23.03,22.91,23.03,7700,0.0,0
2017-12-11,23.05,23.05,23.0,23.02,16800,0.0,0
2017-12-12,23.13,23.13,22.96,22.97,9500,0.0,0
2017-12-13,23.01,23.13,22.81,23.0,9200,0.0,0
2017-12-14,23.12,23.12,22.84,22.92,17600,0.336,0
2017-12-15,22.82,23.04,22.45,22.86,11000,0.0,0
2017-12-18,23.08,23.35,22.92,23.26,30900,0.0,0
2017-12-19,23.25,23.25,23.01,23.17,8000,0.0,0
2017-12-20,23.1,23.1,22.63,23.06,10100,0.0,0
2017-12-21,23.11,23.24,23.08,23.15,8100,0.0,0
2017-12-22,23.27,23.27,22.99,23.21,4200,0.0,0
2017-12-26,23.29,23.29,22.98,23.03,5000,0.0,0
2017-12-27,23.06,23.11,23.04,23.11,3300,0.0,0
2017-12-28,23.17,23.17,22.83,23.0,16800,0.0,0
2017-12-29,23.22,23.22,23.0,23.0,10900,0.0,0
2018-01-02,22.95,23.15,22.68,22.82,21400,0.0,0
2018-01-03,22.93,22.99,22.81,22.83,5500,0.0,0
2018-01-04,23.0,23.05,22.82,23.03,13500,0.0,0
2018-01-05,23.03,23.03,22.83,23.03,6600,0.0,0
2018-01-08,23.03,23.12,22.91,23.03,12200,0.0,0
2018-01-09,22.94,23.03,22.91,23.03,9600,0.0,0
2018-01-10,23.03,23.03,22.86,22.97,13800,0.0,0
2018-01-11,22.94,23.03,22.9,23.01,13400,0.0,0
2018-01-12,22.99,23.03,22.92,22.99,9100,0.0,0
2018-01-16,23.03,23.1,22.91,22.91,3600,0.0,0
2018-01-17,22.97,23.12,22.83,22.86,7800,0.0,0
2018-01-18,22.92,23.12,22.77,23.07,27500,0.0,0
2018-01-19,23.18,23.24,23.0,23.15,27800,0.0,0
2018-01-22,23.17,23.17,22.95,23.12,7500,0.0,0
2018-01-23,23.12,23.12,22.94,22.99,19500,0.0,0
2018-01-24,23.08,23.1,22.94,23.0,5300,0.0,0
2018-01-25,22.95,23.03,22.85,23.03,10100,0.0,0
2018-01-26,23.0,23.03,22.89,22.89,13300,0.0,0
2018-01-29,22.86,22.92,22.59,22.77,22900,0.0,0
2018-01-30,22.64,22.86,22.55,22.72,9800,0.0,0
2018-01-31,22.57,22.85,22.57,22.8,11300,0.0,0
2018-02-01,22.76,22.79,22.46,22.52,13400,0.0,0
2018-02-02,22.59,22.59,22.15,22.32,21100,0.0,0
2018-02-05,22.26,22.77,22.15,22.15,14600,0.0,0
2018-02-06,22.18,22.81,21.98,22.13,26100,0.0,0
2018-02-07,22.36,22.54,22.05,22.08,15800,0.0,0
2018-02-08,22.25,22.51,22.06,22.07,11100,0.0,0
2018-02-09,22.28,22.51,22.05,22.51,8600,0.0,0
2018-02-12,22.54,22.54,22.09,22.24,14500,0.0,0
2018-02-13,22.17,22.53,22.17,22.44,20800,0.0,0
2018-02-14,22.43,22.47,22.22,22.37,8700,0.0,0
2018-02-15,22.35,22.45,22.35,22.43,6300,0.0,0
2018-02-16,22.43,22.48,22.32,22.48,14300,0.0,0
2018-02-20,22.46,22.51,22.45,22.46,3900,0.0,0
2018-02-21,22.45,22.56,22.45,22.53,10100,0.0,0
2018-02-22,22.49,22.7,22.49,22.61,8100,0.0,0
2018-02-23,22.47,22.63,22.47,22.59,7600,0.0,0
2018-02-26,22.53,22.64,22.51,22.59,7500,0.0,0
2018-02-27,22.73,22.73,22.58,22.64,7700,0.0,0
2018-02-28,22.73,22.89,22.63,22.89,13500,0.0,0
2018-03-01,22.81,22.87,22.78,22.85,8200,0.0,0
2018-03-02,22.72,22.89,22.72,22.89,3900,0.0,0
2018-03-05,22.79,22.79,22.73,22.78,6900,0.0,0
2018-03-06,22.86,22.9,22.8,22.84,5400,0.0,0
2018-03-07,22.88,22.95,22.82,22.91,10200,0.0,0
2018-03-08,22.79,23.08,22.78,22.87,10200,0.0,0
2018-03-09,22.83,22.86,22.76,22.86,7300,0.0,0
2018-03-12,22.91,23.11,22.77,22.83,20800,0.0,0
2018-03-13,22.91,22.91,22.79,22.86,5300,0.0,0
2018-03-14,23.05,23.05,22.95,23.02,12300,0.336,0
2018-03-15,23.12,23.12,22.95,22.96,2900,0.0,0
2018-03-16,23.0,23.0,22.91,22.97,2300,0.0,0
2018-03-19,23.12,23.12,22.72,22.73,10900,0.0,0
2018-03-20,22.72,22.77,22.55,22.55,8000,0.0,0
2018-03-21,22.51,22.75,22.5,22.6,10300,0.0,0
2018-03-22,22.6,22.75,22.6,22.6,6300,0.0,0
2018-03-23,22.6,22.75,22.6,22.74,10900,0.0,0
2018-03-26,22.68,23.07,22.61,22.71,10200,0.0,0
2018-03-27,22.77,22.88,22.58,22.74,10000,0.0,0
2018-03-28,22.84,23.01,22.65,22.91,10800,0.0,0
2018-03-29,23.15,23.15,22.61,22.93,13900,0.0,0
2018-04-02,23.06,23.08,22.64,22.9,27800,0.0,0
2018-04-03,22.88,23.07,22.73,23.07,4600,0.0,0
2018-04-04,22.72,23.01,22.72,22.82,9600,0.0,0
2018-04-05,22.82,22.92,22.81,22.92,7000,0.0,0
2018-04-06,22.92,22.92,22.8,22.8,9100,0.0,0
2018-04-09,22.8,22.9,22.75,22.77,5700,0.0,0
2018-04-10,22.8,22.9,22.71,22.72,4500,0.0,0
2018-04-11,22.7,22.86,22.7,22.85,15300,0.0,0
2018-04-12,22.89,22.92,22.87,22.92,5700,0.0,0
2018-04-13,22.92,22.97,22.69,22.8,16800,0.0,0
2018-04-16,22.74,22.96,22.74,22.78,7000,0.0,0
2018-04-17,22.78,22.78,22.69,22.69,8400,0.0,0
2018-04-18,22.69,22.72,22.69,22.69,4800,0.0,0
2018-04-19,22.77,22.86,22.55,22.55,6300,0.0,0
2018-04-20,22.51,22.91,22.51,22.71,5000,0.0,0
2018-04-23,22.6,22.78,22.6,22.66,3000,0.0,0
2018-04-24,22.79,22.87,22.66,22.87,9800,0.0,0
2018-04-25,22.81,22.87,22.75,22.78,11400,0.0,0
2018-04-26,22.75,22.93,22.75,22.93,11500,0.0,0
2018-04-27,22.86,22.91,22.71,22.82,7600,0.0,0
2018-04-30,22.82,22.85,22.77,22.77,2900,0.0,0
2018-05-01,22.77,22.93,22.77,22.93,3500,0.0,0
2018-05-02,22.93,22.93,22.81,22.81,4500,0.0,0
2018-05-03,22.91,22.91,22.71,22.74,8400,0.0,0
2018-05-04,22.85,22.85,22.77,22.77,1400,0.0,0
2018-05-07,22.83,22.85,22.72,22.75,5700,0.0,0
2018-05-08,22.76,22.94,22.76,22.9,5600,0.0,0
2018-05-09,22.72,22.91,22.71,22.79,11000,0.0,0
2018-05-10,22.76,22.94,22.75,22.94,6100,0.0,0
2018-05-11,22.83,22.83,22.77,22.82,3900,0.0,0
2018-05-14,22.94,22.94,22.8,22.82,15600,0.0,0
2018-05-15,22.86,22.94,22.8,22.92,11100,0.0,0
2018-05-16,22.82,23.05,22.82,23.05,7600,0.0,0
2018-05-17,22.91,23.05,22.87,23.01,5800,0.0,0
2018-05-18,23.02,23.02,22.84,22.94,2800,0.0,0
2018-05-21,22.94,22.94,22.84,22.89,10000,0.0,0
2018-05-22,22.94,22.94,22.89,22.92,6800,0.0,0
2018-05-23,22.89,23.06,22.89,23.06,10800,0.0,0
2018-05-24,23.06,23.06,22.94,22.97,9900,0.0,0
2018-05-25,22.97,22.99,22.94,22.97,4400,0.0,0
2018-05-29,22.93,22.94,22.82,22.83,12800,0.0,0
2018-05-30,22.93,22.93,22.88,22.92,20300,0.0,0
2018-05-31,22.82,22.93,22.82,22.93,5500,0.0,0
2018-06-01,22.83,22.93,22.83,22.93,3600,0.0,0
2018-06-04,22.83,23.07,22.83,23.07,5800,0.0,0
2018-06-05,23.01,23.16,23.0,23.12,11100,0.0,0
2018-06-06,23.12,23.16,23.01,23.15,14700,0.0,0
2018-06-07,23.15,23.28,23.12,23.28,14800,0.0,0
2018-06-08,23.17,23.19,23.12,23.15,2600,0.0,0
2018-06-11,23.13,23.23,23.13,23.23,3500,0.0,0
2018-06-12,23.27,23.27,23.08,23.08,4600,0.0,0
2018-06-13,23.25,23.25,23.11,23.11,2400,0.0,0
2018-06-14,23.37,23.41,23.22,23.33,16900,0.336,0
2018-06-15,23.3,23.32,23.29,23.31,5200,0.0,0
2018-06-18,23.12,23.36,23.12,23.32,2700,0.0,0
2018-06-19,23.31,23.39,23.07,23.22,7700,0.0,0
2018-06-20,23.31,23.47,23.17,23.47,10200,0.0,0
2018-06-21,23.5,23.5,23.24,23.29,5700,0.0,0
2018-06-22,23.43,23.47,23.24,23.46,6900,0.0,0
2018-06-25,23.43,23.75,23.35,23.56,13800,0.0,0
2018-06-26,23.47,23.69,23.43,23.69,5800,0.0,0
2018-06-27,23.58,23.66,23.33,23.62,7300,0.0,0
2018-06-28,23.83,23.83,23.33,23.45,12700,0.0,0
2018-06-29,23.68,23.68,23.33,23.6,11900,0.0,0
2018-07-02,23.43,23.63,23.43,23.63,3800,0.0,0
2018-07-03,23.51,23.65,23.51,23.65,3700,0.0,0
2018-07-05,23.59,23.69,23.31,23.48,13400,0.0,0
2018-07-06,23.48,23.48,23.29,23.35,8000,0.0,0
2018-07-09,23.48,23.5,23.33,23.34,13600,0.0,0
2018-07-10,23.43,23.43,23.24,23.24,18800,0.0,0
2018-07-11,23.25,23.44,23.17,23.17,11900,0.0,0
2018-07-12,23.17,23.32,23.06,23.07,14600,0.0,0
2018-07-13,23.08,23.16,23.06,23.09,8400,0.0,0
2018-07-16,23.06,23.12,23.06,23.06,8600,0.0,0
2018-07-17,23.06,23.09,23.05,23.06,14800,0.0,0
2018-07-18,23.06,23.2,23.06,23.07,21000,0.0,0
2018-07-19,23.06,23.15,23.06,23.07,82500,0.0,0
2018-07-20,23.14,23.14,23.07,23.07,7000,0.0,0
2018-07-23,23.12,23.19,23.07,23.08,11500,0.0,0
2018-07-24,23.11,23.18,23.08,23.08,15200,0.0,0
2018-07-25,23.06,23.19,23.06,23.14,9100,0.0,0
2018-07-26,23.06,23.1,23.06,23.09,10300,0.0,0
2018-07-27,23.06,23.24,23.06,23.1,9700,0.0,0
2018-07-30,23.26,23.28,23.15,23.17,10600,0.0,0
2018-07-31,23.28,23.28,23.07,23.07,7200,0.0,0
2018-08-01,23.07,23.19,23.06,23.06,7900,0.0,0
2018-08-02,23.01,23.12,22.96,22.96,7000,0.0,0
2018-08-03,22.97,23.08,22.96,22.97,15100,0.0,0
2018-08-06,22.99,23.14,22.98,23.01,8000,0.0,0
2018-08-07,23.16,23.16,23.06,23.06,10200,0.0,0
2018-08-08,23.06,23.13,22.96,22.96,7800,0.0,0
2018-08-09,22.98,23.03,22.96,22.96,8400,0.0,0
2018-08-10,23.05,23.06,22.96,22.96,7700,0.0,0
2018-08-13,22.96,23.05,22.96,22.97,8900,0.0,0
2018-08-14,22.96,23.05,22.94,22.96,4300,0.0,0
2018-08-15,22.96,23.07,22.96,22.96,7700,0.0,0
2018-08-16,22.96,23.05,22.96,23.0,4400,0.0,0
2018-08-17,22.98,23.05,22.98,23.02,7600,0.0,0
2018-08-20,22.98,23.06,22.98,23.06,7500,0.0,0
2018-08-21,23.06,23.13,22.98,23.09,13000,0.0,0
2018-08-22,23.06,23.26,23.05,23.24,10500,0.0,0
2018-08-23,23.26,23.26,23.22,23.23,3900,0.0,0
2018-08-24,23.23,23.23,23.12,23.13,5400,0.0,0
2018-08-27,23.15,23.23,23.08,23.22,10100,0.0,0
2018-08-28,23.23,23.23,23.08,23.23,18400,0.0,0
2018-08-29,23.11,23.3,23.11,23.17,9700,0.0,0
2018-08-30,23.13,23.31,23.13,23.17,9000,0.0,0
2018-08-31,23.16,23.27,23.14,23.14,13100,0.0,0
2018-09-04,23.14,23.22,23.06,23.06,10700,0.0,0
2018-09-05,23.22,23.22,22.94,23.05,26100,0.0,0
2018-09-06,22.93,23.16,22.93,22.94,18000,0.0,0
2018-09-07,22.92,23.0,22.65,22.71,24200,0.0,0
2018-09-10,22.82,23.02,22.82,22.88,10600,0.0,0
2018-09-11,23.02,23.02,22.96,23.0,9600,0.0,0
2018-09-12,22.92,23.1,22.88,23.01,14900,0.0,0
2018-09-13,23.03,23.17,23.01,23.05,14900,0.336,0
2018-09-14,23.01,23.28,23.01,23.24,14700,0.0,0
2018-09-17,23.24,23.3,23.0,23.03,18100,0.0,0
2018-09-18,22.97,23.26,22.97,23.02,15000,0.0,0
2018-09-19,23.13,23.16,23.05,23.05,6100,0.0,0
2018-09-20,22.97,23.19,22.97,23.07,7900,0.0,0
2018-09-21,23.16,23.22,23.0,23.09,10200,0.0,0
2018-09-24,23.13,23.32,23.1,23.32,10100,0.0,0
2018-09-25,23.32,23.32,23.25,23.31,5200,0.0,0
2018-09-26,23.18,23.32,23.12,23.24,4500,0.0,0
2018-09-27,23.14,23.32,23.14,23.29,5200,0.0,0
2018-09-28,23.32,23.32,23.24,23.29,6600,0.0,0
2018-10-01,23.23,23.23,23.12,23.14,11000,0.0,0
2018-10-02,23.2,23.2,23.14,23.14,5700,0.0,0
2018-10-03,23.2,23.2,22.93,22.94,11200,0.0,0
2018-10-04,22.9,22.93,22.76,22.89,8100,0.0,0
2018-10-05,22.78,22.83,22.73,22.76,2200,0.0,0
2018-10-08,22.64,22.73,22.55,22.73,3400,0.0,0
2018-10-09,22.72,23.02,22.72,23.02,4500,0.0,0
2018-10-10,22.91,22.91,21.99,22.06,15300,0.0,0
2018-10-11,22.14,22.38,22.14,22.21,4200,0.0,0
2018-10-12,22.28,22.8,22.26,22.31,9100,0.0,0
2018-10-15,22.3,22.46,22.29,22.33,2500,0.0,0
2018-10-16,22.48,22.48,22.33,22.41,3900,0.0,0
2018-10-17,22.43,22.43,22.36,22.39,5800,0.0,0
2018-10-18,22.34,22.41,22.07,22.11,8600,0.0,0
2018-10-19,22.1,22.39,22.1,22.33,5800,0.0,0
2018-10-22,22.21,22.72,22.2,22.48,8300,0.0,0
2018-10-23,22.08,22.46,22.08,22.35,10600,0.0,0
2018-10-24,22.2,22.44,22.2,22.21,12600,0.0,0
2018-10-25,22.21,22.43,22.2,22.34,14500,0.0,0
2018-10-26,22.33,22.43,22.21,22.25,12900,0.0,0
2018-10-29,22.34,22.34,22.06,22.06,14700,0.0,0
2018-10-30,22.06,22.06,21.83,21.83,19900,0.0,0
2018-10-31,21.78,22.02,21.71,21.79,11000,0.0,0
2018-11-01,21.87,22.01,21.71,21.86,16700,0.0,0
2018-11-02,21.8,21.93,21.74,21.74,4800,0.0,0
2018-11-05,22.05,22.06,21.76,22.06,12000,0.0,0
2018-11-06,21.9,22.06,21.9,22.06,12700,0.0,0
2018-11-07,22.06,22.28,21.98,22.06,12300,0.0,0
2018-11-08,21.92,21.99,21.92,21.99,900,0.0,0
2018-11-09,21.83,22.26,21.83,22.16,4300,0.0,0
2018-11-12,22.13,22.52,21.9,22.52,11100,0.0,0
2018-11-13,22.57,22.57,22.07,22.34,6000,0.0,0
2018-11-14,22.36,22.47,22.36,22.4,1700,0.0,0
2018-11-15,22.42,22.47,22.42,22.47,1800,0.0,0
2018-11-16,22.51,22.51,22.01,22.02,6700,0.0,0
2018-11-19,22.02,22.4,21.96,22.02,2100,0.0,0
2018-11-20,21.99,22.28,21.99,22.17,4500,0.0,0
2018-11-21,22.12,22.28,22.06,22.11,13900,0.0,0
2018-11-23,22.17,22.49,22.15,22.49,7000,0.0,0
2018-11-26,22.5,22.5,22.03,22.2,5900,0.0,0
2018-11-27,22.31,22.44,22.13,22.15,5400,0.0,0
2018-11-28,22.13,22.31,21.74,22.11,8000,0.0,0
2018-11-29,22.17,22.23,21.98,22.11,10100,0.0,0
2018-11-30,22.08,22.23,21.97,21.97,4100,0.0,0
2018-12-03,21.98,22.17,21.88,21.88,7100,0.0,0
2018-12-04,22.0,22.07,21.64,21.64,8200,0.0,0
2018-12-06,21.6,21.9,21.31,21.41,11300,0.0,0
2018-12-07,21.39,21.48,21.32,21.32,13500,0.0,0
2018-12-10,21.33,21.49,20.93,20.93,20500,0.0,0
2018-12-11,20.98,21.52,20.95,21.0,11500,0.0,0
2018-12-12,21.05,21.31,21.02,21.13,20300,0.0,0
2018-12-13,21.3,21.44,21.08,21.35,25500,0.336,0
2018-12-14,21.35,21.52,21.01,21.01,23700,0.0,0
2018-12-17,21.01,21.36,21.01,21.08,22900,0.0,0
2018-12-18,21.01,21.18,20.92,21.02,14500,0.0,0
2018-12-19,21.17,21.26,20.97,21.09,9200,0.0,0
2018-12-20,21.07,21.1,20.97,21.09,17100,0.0,0
2018-12-21,20.97,21.32,20.9,21.24,17100,0.0,0
2018-12-24,21.11,21.24,20.94,21.22,4600,0.0,0
2018-12-26,21.08,21.3,21.08,21.14,6700,0.0,0
2018-12-27,21.18,21.29,21.11,21.21,15700,0.0,0
2018-12-28,21.22,21.4,21.17,21.33,11700,0.0,0
2018-12-31,21.54,21.69,21.38,21.66,13000,0.0,0
2019-01-02,21.49,22.01,21.49,21.95,16300,0.0,0
2019-01-03,22.01,22.02,21.65,22.02,10500,0.0,0
2019-01-04,21.95,22.32,21.86,22.27,12800,0.0,0
2019-01-07,22.09,22.39,21.99,22.31,7400,0.0,0
2019-01-08,22.45,22.65,22.37,22.65,15000,0.0,0
2019-01-09,22.44,22.77,22.44,22.77,13200,0.0,0
2019-01-10,22.75,22.77,22.3,22.56,13400,0.0,0
2019-01-11,22.4,22.63,22.4,22.49,6700,0.0,0
2019-01-14,22.59,22.77,22.5,22.77,8200,0.0,0
2019-01-15,22.77,22.97,22.52,22.97,7500,0.0,0
2019-01-16,22.77,22.77,22.59,22.63,20000,0.0,0
2019-01-17,22.7,22.93,22.63,22.93,4400,0.0,0
2019-01-18,22.84,22.97,22.65,22.97,4800,0.0,0
2019-01-22,22.97,23.02,22.64,23.01,12100,0.0,0
2019-01-23,22.79,22.85,22.63,22.85,7400,0.0,0
2019-01-24,22.71,22.79,22.7,22.7,10000,0.0,0
2019-01-25,22.81,23.01,22.75,22.96,9300,0.0,0
2019-01-28,22.81,23.04,22.77,22.94,8900,0.0,0
2019-01-29,23.04,23.15,22.64,22.76,28900,0.0,0
2019-01-30,22.66,22.95,22.66,22.78,12900,0.0,0
2019-01-31,22.66,23.46,22.66,23.46,36100,0.0,0
2019-02-01,23.67,23.67,22.87,23.63,11800,0.0,0
2019-02-04,23.67,23.81,23.19,23.45,21000,0.0,0
2019-02-05,23.42,23.68,23.42,23.61,5800,0.0,0
2019-02-06,23.6,23.6,23.45,23.54,10700,0.0,0
2019-02-07,23.53,23.64,23.46,23.58,9600,0.0,0
2019-02-08,23.58,23.58,23.36,23.37,6000,0.0,0
2019-02-11,23.47,23.63,23.39,23.51,4600,0.0,0
2019-02-12,23.52,23.66,23.5,23.63,9100,0.0,0
2019-02-13,23.52,23.87,23.52,23.87,12300,0.0,0
2019-02-14,23.87,23.91,23.61,23.63,18300,0.0,0
2019-02-15,23.62,23.8,23.62,23.74,6500,0.0,0
2019-02-19,23.78,23.86,23.61,23.72,9500,0.0,0
2019-02-20,23.72,23.76,23.59,23.59,13300,0.0,0
2019-02-21,23.62,23.72,23.5,23.52,12500,0.0,0
2019-02-22,23.69,23.84,23.46,23.63,12200,0.0,0
2019-02-25,23.63,23.81,23.63,23.72,4800,0.0,0
2019-02-26,23.74,23.9,23.64,23.89,7100,0.0,0
2019-02-27,23.68,23.9,23.68,23.87,14000,0.0,0
2019-02-28,23.76,24.19,23.72,24.19,42700,0.0,0
2019-03-01,24.19,24.35,23.75,24.28,13500,0.0,0
2019-03-04,24.11,24.42,23.96,24.29,10700,0.0,0
2019-03-05,24.03,24.4,24.03,24.4,9900,0.0,0
2019-03-06,24.22,24.39,24.22,24.39,13800,0.0,0
2019-03-07,24.2,24.2,23.93,23.95,13500,0.0,0
2019-03-08,24.05,24.05,23.92,23.98,7800,0.0,0
2019-03-11,23.92,23.95,23.83,23.84,9600,0.0,0
2019-03-12,23.92,23.96,23.84,23.84,7700,0.0,0
2019-03-13,23.89,24.08,23.87,24.08,13100,0.0,0
2019-03-14,24.14,24.43,24.12,24.14,21200,0.336,0
2019-03-15,24.14,24.48,24.14,24.29,12000,0.0,0
2019-03-18,24.36,24.58,24.33,24.58,21800,0.0,0
2019-03-19,24.55,24.55,24.13,24.28,7500,0.0,0
2019-03-20,24.28,24.36,24.04,24.05,18900,0.0,0
2019-03-21,24.05,24.31,24.05,24.31,9200,0.0,0
2019-03-22,24.13,24.2,23.99,24.15,26000,0.0,0
2019-03-25,24.15,24.15,23.97,24.04,14400,0.0,0
2019-03-26,24.04,24.18,24.04,24.16,26900,0.0,0
2019-03-27,24.16,24.23,24.07,24.14,22600,0.0,0
2019-03-28,24.14,24.27,24.13,24.27,30400,0.0,0
2019-03-29,24.38,24.38,24.21,24.32,38400,0.0,0
2019-04-01,24.31,24.32,24.21,24.28,18100,0.0,0
2019-04-02,24.32,24.32,24.27,24.32,9300,0.0,0
2019-04-03,24.32,24.41,24.25,24.25,8000,0.0,0
2019-04-04,24.23,24.35,24.23,24.34,6300,0.0,0
2019-04-05,24.33,24.39,24.25,24.35,15000,0.0,0
2019-04-08,24.41,24.41,24.23,24.37,4300,0.0,0
2019-04-09,24.37,24.38,24.14,24.14,19200,0.0,0
2019-04-10,24.15,24.25,24.15,24.21,3300,0.0,0
2019-04-11,24.28,24.28,24.19,24.28,2400,0.0,0
2019-04-12,24.28,24.3,24.21,24.21,4000,0.0,0
2019-04-15,24.21,24.31,24.2,24.2,1500,0.0,0
2019-04-16,24.2,24.31,24.2,24.28,3900,0.0,0
2019-04-17,24.31,24.31,24.21,24.28,7000,0.0,0
2019-04-18,24.3,24.38,24.26,24.38,10600,0.0,0
2019-04-22,24.47,24.48,24.34,24.43,8000,0.0,0
2019-04-23,24.43,24.43,24.29,24.43,13600,0.0,0
2019-04-24,24.43,24.56,24.43,24.56,8000,0.0,0
2019-04-25,24.44,24.59,24.43,24.55,11900,0.0,0
2019-04-26,24.68,24.68,24.35,24.35,3000,0.0,0
2019-04-29,24.45,24.48,24.33,24.48,5000,0.0,0
2019-04-30,24.41,24.73,24.41,24.73,41600,0.0,0
2019-05-01,24.7,24.73,24.57,24.73,9000,0.0,0
2019-05-02,24.72,24.72,24.49,24.49,10700,0.0,0
2019-05-03,24.66,24.66,24.44,24.48,7000,0.0,0
2019-05-06,24.44,24.5,24.38,24.39,8100,0.0,0
2019-05-07,24.39,24.54,24.19,24.25,17100,0.0,0
2019-05-08,24.2,24.51,24.19,24.23,9000,0.0,0
2019-05-09,24.22,24.37,24.22,24.36,4200,0.0,0
2019-05-10,24.35,24.56,24.33,24.56,4700,0.0,0
2019-05-13,24.32,24.56,24.32,24.51,6100,0.0,0
2019-05-14,24.5,24.66,24.38,24.52,8400,0.0,0
2019-05-15,24.5,24.63,24.5,24.57,6600,0.0,0
2019-05-16,24.63,24.73,24.46,24.73,10700,0.0,0
2019-05-17,24.72,24.82,24.72,24.78,8800,0.0,0
2019-05-20,24.75,24.78,24.56,24.77,5000,0.0,0
2019-05-21,24.77,24.77,24.58,24.72,7400,0.0,0
2019-05-22,24.76,24.77,24.72,24.74,3500,0.0,0
2019-05-23,24.73,24.76,24.66,24.76,5100,0.0,0
2019-05-24,24.76,24.99,24.75,24.93,5000,0.0,0
2019-05-28,24.87,24.91,24.68,24.91,9300,0.0,0
2019-05-29,24.76,24.99,24.76,24.76,7900,0.0,0
2019-05-30,24.76,24.83,24.67,24.77,8800,0.0,0
2019-05-31,24.69,24.96,24.62,24.9,22000,0.0,0
2019-06-03,25.0,25.05,24.31,24.84,6600,0.0,0
2019-06-04,24.93,24.93,24.73,24.77,6700,0.0,0
2019-06-05,24.8,24.8,24.67,24.67,6500,0.0,0
2019-06-06,24.78,24.85,24.52,24.6,11500,0.0,0
2019-06-07,24.78,24.83,24.68,24.68,7600,0.0,0
2019-06-10,24.86,24.92,24.85,24.92,5300,0.0,0
2019-06-11,24.9,25.0,24.78,24.79,6500,0.0,0
2019-06-12,24.93,24.93,24.81,24.84,4700,0.0,0
2019-06-13,24.99,24.99,24.83,24.87,7100,0.336,0
2019-06-14,24.84,25.04,24.79,24.87,8000,0.0,0
2019-06-17,24.86,25.01,24.86,24.96,4700,0.0,0
2019-06-18,24.88,25.14,24.88,25.09,13400,0.0,0
2019-06-19,25.24,25.24,25.01,25.14,3500,0.0,0
2019-06-20,25.13,25.14,24.96,25.14,7500,0.0,0
2019-06-21,25.14,25.18,24.9,25.06,7800,0.0,0
2019-06-24,24.92,25.14,24.92,25.07,12000,0.0,0
2019-06-25,25.07,25.09,24.99,25.01,3000,0.0,0
2019-06-26,25.01,25.09,24.99,25.09,8000,0.0,0
2019-06-27,25.09,25.24,25.09,25.24,8700,0.0,0
2019-06-28,25.28,25.36,25.15,25.36,33300,0.0,0
2019-07-01,25.31,25.31,25.02,25.03,2700,0.0,0
2019-07-02,25.06,25.17,25.06,25.07,2400,0.0,0
2019-07-03,25.03,25.03,25.03,25.03,600,0.0,0
2019-07-05,25.06,25.06,25.05,25.05,1200,0.0,0
2019-07-08,25.07,25.07,25.07,25.07,1600,0.0,0
2019-07-09,25.0,25.09,24.95,25.01,10600,0.0,0
2019-07-10,25.08,25.08,24.95,24.99,4600,0.0,0
2019-07-11,24.99,25.13,24.99,25.09,5200,0.0,0
2019-07-12,25.0,25.09,24.99,24.99,3100,0.0,0
2019-07-15,25.02,25.09,24.99,24.99,44600,0.0,0
2019-07-16,25.0,25.1,24.98,24.98,17500,0.0,0
2019-07-17,24.95,25.07,24.94,25.07,40300,0.0,0
2019-07-18,24.97,25.08,24.97,24.99,25400,0.0,0
2019-07-19,25.0,25.04,24.96,25.0,26800,0.0,0
2019-07-22,24.96,25.04,24.96,24.99,25100,0.0,0
2019-07-23,24.99,24.99,24.96,24.98,11300,0.0,0
2019-07-24,24.99,25.15,24.98,25.15,45700,0.0,0
2019-07-25,25.15,25.15,25.08,25.14,9200,0.0,0
2019-07-26,25.1,25.16,25.1,25.16,5200,0.0,0
2019-07-29,25.13,25.25,25.13,25.25,12500,0.0,0
2019-07-30,25.23,25.28,25.18,25.25,18100,0.0,0
2019-07-31,25.2,25.34,25.2,25.34,38100,0.0,0
2019-08-01,25.28,25.36,25.16,25.17,10000,0.0,0
2019-08-02,25.03,25.11,25.0,25.05,6400,0.0,0
2019-08-05,24.94,24.97,24.87,24.95,13700,0.0,0
2019-08-06,24.88,25.09,24.87,25.0,6500,0.0,0
2019-08-07,24.86,25.04,24.86,24.87,1900,0.0,0
2019-08-08,24.88,25.02,24.88,25.01,3100,0.0,0
2019-08-09,24.94,25.02,24.94,24.94,4600,0.0,0
2019-08-12,25.06,25.07,24.99,25.07,8800,0.0,0
2019-08-13,24.95,25.09,24.91,25.09,10100,0.0,0
2019-08-14,24.96,25.14,24.96,25.14,5100,0.0,0
2019-08-15,25.11,25.32,25.03,25.32,14100,0.0,0
2019-08-16,25.18,25.36,25.18,25.36,5000,0.0,0
2019-08-19,25.21,25.28,25.12,25.21,10900,0.0,0
2019-08-20,25.1,25.21,25.06,25.15,12100,0.0,0
2019-08-21,25.07,25.21,25.06,25.18,12300,0.0,0
2019-08-22,25.2,25.26,25.2,25.25,4100,0.0,0
2019-08-23,25.28,25.28,25.22,25.25,8300,0.0,0
2019-08-26,25.16,25.41,25.15,25.23,19500,0.0,0
2019-08-27,25.15,25.28,25.12,25.23,7700,0.0,0
2019-08-28,25.22,25.29,25.14,25.24,13800,0.0,0
2019-08-29,25.29,25.29,25.18,25.2,9200,0.0,0
2019-08-30,25.24,25.29,25.15,25.2,35800,0.0,0
2019-09-03,25.2,25.24,25.11,25.11,7600,0.0,0
2019-09-04,25.12,25.28,25.1,25.28,10900,0.0,0
2019-09-05,25.27,25.31,25.24,25.24,2100,0.0,0
2019-09-06,25.3,25.41,25.3,25.41,10500,0.0,0
2019-09-09,25.36,25.38,25.34,25.34,1800,0.0,0
2019-09-10,25.24,25.4,25.24,25.39,14500,0.0,0
2019-09-11,25.36,25.41,25.35,25.41,7700,0.0,0
2019-09-12,25.5,25.62,25.47,25.58,20500,0.336,0
2019-09-13,25.48,25.49,25.09,25.1,12100,0.0,0
2019-09-16,25.1,25.39,25.07,25.16,6800,0.0,0
2019-09-17,25.17,25.41,25.17,25.4,3100,0.0,0
2019-09-18,25.26,25.51,25.26,25.51,4300,0.0,0
2019-09-19,25.25,25.7,25.2,25.51,17100,0.0,0
2019-09-20,25.5,25.61,25.47,25.61,2300,0.0,0
2019-09-23,25.61,25.66,25.61,25.65,4400,0.0,0
2019-09-24,25.65,25.88,25.64,25.88,8000,0.0,0
2019-09-25,25.78,25.88,25.73,25.85,2400,0.0,0
2019-09-26,25.71,25.85,25.41,25.59,23400,0.0,0
2019-09-27,25.47,25.57,25.41,25.45,6600,0.0,0
2019-09-30,25.56,25.88,25.38,25.38,15300,0.0,0
2019-10-01,25.39,25.52,25.34,25.4,15600,0.0,0
2019-10-02,25.34,25.39,25.28,25.29,3800,0.0,0
2019-10-03,25.29,25.34,25.22,25.27,8400,0.0,0
2019-10-04,25.28,25.41,25.28,25.31,2300,0.0,0
2019-10-07,25.32,25.42,25.18,25.18,4300,0.0,0
2019-10-08,25.27,25.41,25.18,25.18,4200,0.0,0
2019-10-09,25.31,25.42,25.19,25.34,2900,0.0,0
2019-10-10,25.26,25.44,25.26,25.42,7300,0.0,0
2019-10-11,25.42,25.52,25.37,25.41,7400,0.0,0
2019-10-14,25.42,25.72,25.41,25.71,14800,0.0,0
2019-10-15,25.68,26.04,25.57,25.9,47600,0.0,0
2019-10-16,25.81,25.81,25.69,25.69,2800,0.0,0
2019-10-17,25.79,25.81,25.76,25.81,4500,0.0,0
2019-10-18,25.78,25.99,25.73,25.85,5700,0.0,0
2019-10-21,25.78,26.02,25.72,25.94,8100,0.0,0
2019-10-22,25.65,25.92,25.65,25.84,5600,0.0,0
2019-10-23,25.84,25.91,25.72,25.72,6600,0.0,0
2019-10-24,25.93,25.93,25.61,25.66,19400,0.0,0
2019-10-25,25.66,25.68,25.59,25.59,6500,0.0,0
2019-10-28,25.59,25.59,25.4,25.41,7300,0.0,0
2019-10-29,25.4,25.61,25.37,25.37,28400,0.0,0
2019-10-30,25.37,25.62,25.35,25.42,22400,0.0,0
2019-10-31,25.5,25.63,25.42,25.61,55000,0.0,0
2019-11-01,25.57,25.58,25.43,25.44,2500,0.0,0
2019-11-04,25.45,25.66,25.44,25.59,6800,0.0,0
2019-11-05,25.59,25.59,25.43,25.43,4000,0.0,0
2019-11-06,25.51,25.56,25.43,25.43,3400,0.0,0
2019-11-07,25.42,25.45,25.37,25.37,2500,0.0,0
2019-11-08,25.37,25.46,25.37,25.46,5000,0.0,0
2019-11-11,25.47,25.56,25.47,25.56,1100,0.0,0
2019-11-12,25.56,25.56,25.42,25.42,4900,0.0,0
2019-11-13,25.54,25.81,25.54,25.71,19800,0.0,0
2019-11-14,25.55,25.77,25.55,25.72,6200,0.0,0
2019-11-15,25.59,25.78,25.57,25.62,4400,0.0,0
2019-11-18,25.61,25.71,25.61,25.64,4000,0.0,0
2019-11-19,25.44,25.78,25.4,25.6,4400,0.0,0
2019-11-20,25.58,25.72,25.52,25.61,4900,0.0,0
2019-11-21,25.65,25.72,25.65,25.68,3700,0.0,0
2019-11-22,25.7,25.71,25.53,25.53,4500,0.0,0
2019-11-25,25.55,25.58,25.48,25.58,4700,0.0,0
2019-11-26,25.63,25.64,25.55,25.57,4000,0.0,0
2019-11-27,25.54,25.54,25.49,25.49,2500,0.0,0
2019-11-29,25.54,25.78,25.45,25.47,6200,0.0,0
2019-12-02,25.43,25.61,25.24,25.27,12900,0.0,0
2019-12-03,25.28,25.56,25.28,25.48,3200,0.0,0
2019-12-04,25.51,25.57,25.43,25.46,5500,0.0,0
2019-12-05,25.31,25.38,25.31,25.38,2600,0.0,0
2019-12-06,25.36,25.49,25.35,25.45,6200,0.0,0
2019-12-09,25.43,25.54,25.43,25.45,3300,0.0,0
2019-12-10,25.54,25.55,25.43,25.55,5600,0.0,0
2019-12-11,25.36,25.68,25.36,25.68,1700,0.0,0
2019-12-12,25.67,25.71,25.59,25.71,7800,0.336,0
2019-12-13,25.58,25.75,25.55,25.75,3800,0.0,0
2019-12-16,25.59,26.05,25.59,25.82,24500,0.0,0
2019-12-17,25.8,25.91,25.6,25.75,10000,0.0,0
2019-12-18,25.7,25.95,25.7,25.88,11000,0.0,0
2019-12-19,25.94,25.97,25.9,25.92,4800,0.0,0
2019-12-20,26.03,26.03,25.95,25.95,800,0.0,0
2019-12-23,26.05,26.12,26.01,26.07,15700,0.0,0
2019-12-24,25.96,26.07,25.92,25.96,1500,0.0,0
2019-12-26,26.15,26.15,25.95,25.97,1400,0.0,0
2019-12-27,25.94,26.15,25.91,25.97,13000,0.0,0
2019-12-30,25.98,26.15,25.98,26.1,5100,0.0,0
2019-12-31,26.1,26.2,26.05,26.2,3000,0.0,0
2020-01-02,26.16,26.17,25.99,26.15,28900,0.0,0
2020-01-03,26.03,26.33,26.03,26.33,7900,0.0,0
2020-01-06,26.26,26.27,26.18,26.27,7600,0.0,0
2020-01-07,26.25,26.27,26.19,26.24,5300,0.0,0
2020-01-08,26.28,26.33,26.19,26.33,4700,0.0,0
2020-01-09,26.19,26.46,26.19,26.46,6000,0.0,0
2020-01-10,26.38,26.4,26.33,26.38,2000,0.0,0
2020-01-13,26.26,26.46,26.23,26.42,5700,0.0,0
2020-01-14,26.38,26.44,26.31,26.44,3300,0.0,0
2020-01-15,26.46,26.46,26.31,26.43,6300,0.0,0
2020-01-16,26.32,26.47,26.31,26.46,3200,0.0,0
2020-01-17,26.47,26.47,26.41,26.43,4500,0.0,0
2020-01-21,26.44,26.44,26.4,26.4,3000,0.0,0
2020-01-22,26.4,26.4,26.4,26.4,0,0.0,0
2020-01-23,26.4,26.47,26.29,26.31,8100,0.0,0
2020-01-24,26.55,26.55,26.31,26.32,2300,0.0,0
2020-01-27,26.33,26.47,26.27,26.35,4800,0.0,0
2020-01-28,26.22,26.25,26.22,26.25,1100,0.0,0
2020-01-29,26.37,26.37,26.29,26.29,4900,0.0,0
2020-01-30,26.46,26.55,26.42,26.42,1400,0.0,0
2020-01-31,26.42,26.55,26.38,26.55,4700,0.0,0
2020-02-03,26.31,26.48,26.29,26.45,4100,0.0,0
2020-02-04,26.33,26.48,26.33,26.43,8300,0.0,0
2020-02-05,26.34,26.48,26.34,26.48,3900,0.0,0
2020-02-06,26.45,26.5,26.37,26.46,14300,0.0,0
2020-02-07,26.5,26.5,26.48,26.5,1100,0.0,0
2020-02-10,26.62,26.75,26.62,26.75,5000,0.0,0
2020-02-11,26.57,26.65,26.57,26.63,6900,0.0,0
2020-02-12,26.57,26.7,26.56,26.56,8100,0.0,0
2020-02-13,26.56,26.56,26.44,26.44,1000,0.0,0
2020-02-14,26.4,26.58,26.4,26.49,2700,0.0,0
2020-02-18,26.4,26.59,26.4,26.42,4700,0.0,0
2020-02-19,26.4,26.41,26.09,26.2,8300,0.0,0
2020-02-20,26.48,26.48,26.08,26.1,4600,0.0,0
2020-02-21,26.33,26.35,26.07,26.15,7200,0.0,0
2020-02-24,26.11,26.16,26.11,26.14,2100,0.0,0
2020-02-25,25.8,25.8,25.62,25.62,6200,0.0,0
2020-02-26,25.62,25.86,25.52,25.6,13400,0.0,0
2020-02-27,25.17,25.51,25.17,25.44,25900,0.0,0
2020-02-28,25.31,25.33,25.05,25.17,30300,0.0,0
2020-03-02,25.17,25.45,25.16,25.45,18700,0.0,0
2020-03-03,25.56,25.99,25.56,25.67,12800,0.0,0
2020-03-04,25.84,25.84,25.72,25.77,4300,0.0,0
2020-03-05,25.72,25.84,25.7,25.7,2500,0.0,0
2020-03-06,25.7,25.94,25.54,25.83,15600,0.0,0
2020-03-09,25.42,25.42,24.78,25.01,42400,0.0,0
2020-03-10,25.1,25.14,24.8,25.14,31638,0.0,0
